0,386
0,352
60,1
206,3
206,2
206,1
205,3
205,2
205,1
204,3
204,2
204,1
203,3
203,2
203,1
202,3
202,2
202,1
200,3
199,3
197,3
195,4
195,3
70,5
70,4
70,3
62,10
62,9
62,7
62,3
61,15
61,6
61,3
60,86
60,85
60,84
60,83
60,40
60,3
60,2
60,0
59,8
59,7
59,6
59,4
59,3
57,3
56,3
54,7
54,6
54,5
54,4
54,3
52,3
50,3
48,3
45,3
8,3
5,3
2,9
2,8
2,4
1,3
0,430
0,409
0,374
0,340
0,324
0,243
0,9
0,0
0,1
0,568
0,300
0,567
0,299
0,566
0,298
0,565
0,297
0,564
0,296
0,562
0,295
0,561
0,294
0,560
0,293
0,559
0,292
0,558
0,291
3,0
3,2
3,3
3,5
3,6
4,1
4,3
9,0
9,2
9,3
9,7
10,0
10,1
10,3
10,4
10,52
10,53
10,55
10,57
10,58
10,60
10,61
10,63
10,100
10,101
10,103
10,104
10,106
10,108
10,109
10,111
10,112
10,114
10,115
10,117
10,119
10,120
10,122
10,123
10,125
10,127
10,128
10,130
10,131
10,133
10,134
10,136
10,138
10,139
10,141
10,142
10,144
10,146
10,147
10,149
10,150
10,152
10,153
10,155
10,157
10,158
10,160
10,161
10,163
10,165
10,166
10,168
10,255
11,4
12,1
12,2
12,4
12,9
12,11
12,12
12,14
12,16
16,3
28,1
28,2
28,4
28,6
28,7
28,9
28,10
29,1
29,2
29,4
29,6
29,7
29,9
29,10
29,12
29,14
29,15
29,17
29,18
29,20
29,21
29,23
29,25
29,26
29,28
29,29
29,31
29,33
29,34
29,36
29,37
29,39
29,40
29,42
29,44
29,64
29,66
29,67
29,69
29,71
30,3
72,0
72,1
72,3
72,5
72,7
192,3
195,0
195,2
197,0
197,2
199,0
199,1
199,4
0,382
47,3
63,3
66,3
64,3
71,3
67,3
55,3
51,3
58,3
0,408
135,3
138,3
136,3
142,3
144,3
143,3
145,3
141,3
149,3
147,3
0,440
151,3
153,3
160,3
165,3
156,3
155,3
162,3
163,3
166,3
164,3
0,407
121,3
128,3
126,3
123,3
124,3
131,3
117,3
0,404
107,3
109,3
115,3
116,3
132,3
133,3
108,3
114,3
119,3
134,3
0,403
75,3
73,3
74,3
76,3
78,3
79,3
102,3
104,3
106,3
85,3
87,3
84,3
96,3
92,3
100,3
91,3
88,3
90,3
101,3
86,3
97,3
0,329
169,3
168,3
178,3
172,3
175,3
176,3
177,3
181,3
183,3
184,3
180,3
179,3
186,3
187,3
189,3
191,3
46,3
15,3
13,3
36,3
33,3
35,3
2,21
2,20
31,3
2,18
21,3
2,10
17,3
19,3
27,3
22,3
24,3
25,3
2,14
2,13
2,11
39,3
2,7
40,3
42,3
43,3
44,3
61,7
61,8
62,5
62,6
61,9
61,5
41,3
37,3
38,3
2,12
2,15
23,3
18,3
20,3
26,3
2,16
2,19
2,6
34,3
32,3
14,3
7,3
190,3
185,3
188,3
182,3
171,3
173,3
174,3
167,3
170,3
95,3
94,3
93,3
89,3
99,3
83,3
82,3
98,3
103,3
81,3
77,3
80,3
105,3
113,3
112,3
118,3
130,3
111,3
110,3
120,3
129,3
125,3
127,3
122,3
159,3
154,3
161,3
157,3
158,3
152,3
150,3
148,3
146,3
140,3
0,415
139,3
137,3
53,3
49,3
68,3
69,3
0,401
6,3
199,2
197,4
197,1
195,1
72,8
72,4
72,2
30,4
29,70
29,68
29,65
29,43
29,41
29,38
29,35
29,32
29,30
29,27
29,24
29,22
29,19
29,16
29,13
29,11
29,8
29,5
29,3
29,0
28,8
28,5
28,3
28,0
12,15
12,13
12,10
12,3
12,0
11,3
10,167
10,164
10,162
10,159
10,156
10,154
10,151
10,148
10,145
10,143
10,140
10,137
10,135
10,132
10,129
10,126
10,124
10,121
10,118
10,116
10,113
10,110
10,107
10,105
10,102
10,99
10,62
10,59
10,56
10,54
10,48
10,2
9,8
9,4
9,1
4,2
4,0
3,4
3,1
2,23
2,22
2,17
2,5
2,3
2,2
2,1
2,0
1,2
1,1
1,0
0,414
0,402
0,355
0,555
0,290
0,554
0,289
0,432
0,288
0,553
0,287
0,552
0,286
0,427
0,285
0,551
0,284
0,425
0,283
0,557
0,282
0,556
0,281
0,549
0,280
0,531
0,279
0,358
0,278
0,421
0,277
0,547
0,276
0,545
0,275
0,353
0,274
0,544
0,273
0,542
0,272
0,423
0,271
0,541
0,270
0,533
0,269
0,419
0,268
0,538
0,267
0,537
0,266
0,536
0,265
0,264
0,534
0,263
0,532
0,262
0,530
0,261
0,529
0,260
0,528
0,259
0,527
0,258
0,526
0,257
0,396
0,256
0,393
0,255
0,390
0,254
0,253
0,252
0,251
0,250
0,249
0,248
0,247
0,246
0,245
0,244
0,242
0,241
0,240
0,239
0,238
0,237
0,381
0,236
0,519
0,235
0,379
0,234
0,378
0,233
0,232
0,231
0,375
0,230
0,373
0,229
0,372
0,228
0,227
0,368
0,226
0,225
0,224
0,223
0,222
0,221
0,220
0,219
0,218
0,548
0,217
0,216
0,361
0,215
0,214
0,395
0,213
0,397
0,212
0,359
0,211
0,392
0,210
0,312
0,209
0,328
0,208
0,540
0,207
0,327
0,206
0,384
0,205
0,204
0,203
0,202
0,201
0,200
0,199
0,198
0,197
0,196
0,195
0,194
0,193
0,192
0,63
0,62
0,61
0,60
0,563
0,59
0,325
0,58
0,323
0,57
0,543
0,56
0,318
0,55
0,575
0,54
0,53
0,574
0,52
0,51
0,50
0,514
0,49
0,48
0,571
0,47
0,315
0,46
0,570
0,45
0,569
0,6
0,5
0,304
0,303
0,306
0,305
0,302
0,413
0,12
0,354
0,10
0,351
0,8
0,385
0,11
0,4
0,2
0,3
0,7
206,0
205,0
204,0
203,0
202,0
